B = 10
C=10
D=10
E=10