k1 = 23
k2=700
ms=12
mc=60
c1=30